  950.0000          0.00299107
  950.2500          0.00290632
  950.5000          0.00282258
  950.7500          0.00273783
  951.0000          0.00265309
  951.2500          0.00256834
  951.5000          0.00248359
  951.7500          0.00239874
  952.0000          0.00219587
  952.2500          0.00190076
  952.5000          0.00160517
  952.7500          0.00131027
  953.0000          0.00101431
  953.2500          0.00071747
  953.5000          0.00042057
  953.7500          0.00012499
  954.0000          0.00031471
  954.2500          0.00087503
  954.5000          0.00143612
  954.7500          0.00199882
  955.0000          0.00256170
  955.2500          0.00312477
  955.5000          0.00368947
  955.7500          0.00425204
  956.0000          0.00435991
  956.2500          0.00412407
  956.5000          0.00388794
  956.7500          0.00365152
  957.0000          0.00341497
  957.2500          0.00317796
  957.5000          0.00294069
  957.7500          0.00270391
  958.0000          0.00270802
  958.2500          0.00289047
  958.5000          0.00307339
  958.7500          0.00325663
  959.0000          0.00343987
  959.2500          0.00362311
  959.5000          0.00380635
  959.7500          0.00398842
  960.0000          0.00394738
  960.2500          0.00374081
  960.5000          0.00353504
  960.7500          0.00332866
  961.0000          0.00312170
  961.2500          0.00291452
  961.5000          0.00270795
  961.7500          0.00250421
  962.0000          0.00272209
  962.2500          0.00324545
  962.5000          0.00376925
  962.7500          0.00429406
  963.0000          0.00481886
  963.2500          0.00534366
  963.5000          0.00586946
  963.7500          0.00639103
  964.0000          0.00622872
  964.2500          0.00558288
  964.5000          0.00493657
  964.7500          0.00428921
  965.0000          0.00364231
  965.2500          0.00299384
  965.5000          0.00234606
  965.7500          0.00170215
  966.0000          0.00143156
  966.2500          0.00142598
  966.5000          0.00142039
  966.7500          0.00141481
  967.0000          0.00140823
  967.2500          0.00140264
  967.5000          0.00139706
  967.7500          0.00139148
  968.0000          0.00139055
  968.2500          0.00139234
  968.5000          0.00139414
  968.7500          0.00139593
  969.0000          0.00139772
  969.2500          0.00139951
  969.5000          0.00140200
  969.7500          0.00140419
  970.0000          0.00143581
  970.2500          0.00148685
  970.5000          0.00153842
  970.7500          0.00158967
  971.0000          0.00164096
  971.2500          0.00169216
  971.5000          0.00174404
  971.7500          0.00179693
  972.0000          0.00190771
  972.2500          0.00205745
  972.5000          0.00220819
  972.7500          0.00235893
  973.0000          0.00250967
  973.2500          0.00266041
  973.5000          0.00281115
  973.7500          0.00296189
  974.0000          0.00310334
  974.2500          0.00323933
  974.5000          0.00337533
  974.7500          0.00351124
  975.0000          0.00364703
  975.2500          0.00378281
  975.5000          0.00391859
  975.7500          0.00405195
  976.0000          0.00393856
  976.2500          0.00366778
  976.5000          0.00339654
  976.7500          0.00312523
  977.0000          0.00285446
  977.2500          0.00258268
  977.5000          0.00231191
  977.7500          0.00204392
  978.0000          0.00193457
  978.2500          0.00192799
  978.5000          0.00192241
  978.7500          0.00191683
  979.0000          0.00191086
  979.2500          0.00190466
  979.5000          0.00189908
  979.7500          0.00189877
  980.0000          0.00214501
  980.2500          0.00255077
  980.5000          0.00295654
  980.7500          0.00336231
  981.0000          0.00376779
  981.2500          0.00417335
  981.5000          0.00457862
  981.7500          0.00497722
  982.0000          0.00488911
  982.2500          0.00450309
  982.5000          0.00411707
  982.7500          0.00373105
  983.0000          0.00334503
  983.2500          0.00295885
  983.5000          0.00257262
  983.7500          0.00219700
  984.0000          0.00219997
  984.2500          0.00244104
  984.5000          0.00268190
  984.7500          0.00292276
  985.0000          0.00316324
  985.2500          0.00340431
  985.5000          0.00364438
  985.7500          0.00388096
  986.0000          0.00394797
  986.2500          0.00391035
  986.5000          0.00387226
  986.7500          0.00383418
  987.0000          0.00379681
  987.2500          0.00375902
  987.5000          0.00372123
  987.7500          0.00368402
  988.0000          0.00366064
  988.2500          0.00364568
  988.5000          0.00363072
  988.7500          0.00361552
  989.0000          0.00360077
  989.2500          0.00358585
  989.5000          0.00357027
  989.7500          0.00355056
  990.0000          0.00336388
  990.2500          0.00307736
  990.5000          0.00279083
  990.7500          0.00250431
  991.0000          0.00221778
  991.2500          0.00193142
  991.5000          0.00164573
  991.7500          0.00137487
  992.0000          0.00155085
  992.2500          0.00199391
  992.5000          0.00243609
  992.7500          0.00287894
  993.0000          0.00332078
  993.2500          0.00376263
  993.5000          0.00420420
  993.7500          0.00463661
  994.0000          0.00461023
  994.2500          0.00432828
  994.5000          0.00404534
  994.7500          0.00376340
  995.0000          0.00348146
  995.2500          0.00319952
  995.5000          0.00291757
  995.7500          0.00263973
  996.0000          0.00247136
  996.2500          0.00236528
  996.5000          0.00225920
  996.7500          0.00215313
  997.0000          0.00204742
  997.2500          0.00194197
  997.5000          0.00183590
  997.7500          0.00173527
  998.0000          0.00175913
  998.2500          0.00185404
  998.5000          0.00194995
  998.7500          0.00204486
  999.0000          0.00213977
  999.2500          0.00223468
  999.5000          0.00232959
  999.7500          0.00243404
 1000.0000          0.00275947
 1000.2500          0.00297056
 1000.5000          0.00318551
 1000.7500          0.00340145
 1001.0000          0.00361640
 1001.2500          0.00383134
 1001.5000          0.00404529
 1001.7500          0.00426226
 1002.0000          0.00454645
 1002.2500          0.00521503
 1002.5000          0.00594541
 1002.7500          0.00667521
 1003.0000          0.00740479
 1003.2500          0.00813337
 1003.5000          0.00886196
 1003.7500          0.00957478
 1004.0000          0.01001549
 1004.2500          0.01088556
 1004.5000          0.01186438
 1004.7500          0.01284320
 1005.0000          0.01382032
 1005.2500          0.01479635
 1005.5000          0.01577110
 1005.7500          0.01673585
 1006.0000          0.01717233
 1006.2500          0.01607793
 1006.5000          0.01482554
 1006.7500          0.01357439
 1007.0000          0.01232383
 1007.2500          0.01107503
 1007.5000          0.00982722
 1007.7500          0.00863867
 1008.0000          0.00909096
 1008.2500          0.01303129
 1008.5000          0.01718329
 1008.7500          0.02133268
 1009.0000          0.02547714
 1009.2500          0.02961758
 1009.5000          0.03375449
 1009.7500          0.03784122
 1010.0000          0.04026613
 1010.2500          0.03793460
 1010.5000          0.03530711
 1010.7500          0.03268220
 1011.0000          0.03005988
 1011.2500          0.02744063
 1011.5000          0.02482399
 1011.7500          0.02219475
 1012.0000          0.01944974
 1012.2500          0.01825992
 1012.5000          0.01718104
 1012.7500          0.01610375
 1013.0000          0.01502802
 1013.2500          0.01395230
 1013.5000          0.01287857
 1013.7500          0.01183707
 1014.0000          0.01206948
 1014.2500          0.01498026
 1014.5000          0.01799611
 1014.7500          0.02100938
 1015.0000          0.02401905
 1015.2500          0.02702600
 1015.5000          0.03002972
 1015.7500          0.03308633
 1016.0000          0.03994378
 1016.2500          0.05559113
 1016.5000          0.07155950
 1016.7500          0.08751112
 1017.0000          0.10344542
 1017.2500          0.11936407
 1017.5000          0.13526523
 1017.7500          0.15127269
 1018.0000          0.16678090
 1018.2500          0.17227927
 1018.5000          0.17757925
 1018.7500          0.18287284
 1019.0000          0.18816068
 1019.2500          0.19344058
 1019.5000          0.19871533
 1019.7500          0.20346640
 1020.0000          0.19592083
 1020.2500          0.17829824
 1020.5000          0.16063483
 1020.7500          0.14299004
 1021.0000          0.12536457
 1021.2500          0.10775721
 1021.5000          0.09017001
 1021.7500          0.07293049
 1022.0000          0.06529756
 1022.2500          0.06719614
 1022.5000          0.06923642
 1022.7500          0.07127511
 1023.0000          0.07331023
 1023.2500          0.07534376
 1023.5000          0.07737471
 1023.7500          0.07931573
 1024.0000          0.07647453
 1024.2500          0.06917720
 1024.5000          0.06184922
 1024.7500          0.05452921
 1025.0000          0.04721753
 1025.2500          0.03991377
 1025.5000          0.03261819
 1025.7500          0.02546074
 1026.0000          0.02296389
 1026.2500          0.02460709
 1026.5000          0.02624852
 1026.7500          0.02788737
 1027.0000          0.02952563
 1027.2500          0.03116131
 1027.5000          0.03279434
 1027.7500          0.03434378
 1028.0000          0.03337558
 1028.2500          0.03049914
 1028.5000          0.02762578
 1028.7500          0.02475612
 1029.0000          0.02188913
 1029.2500          0.01902520
 1029.5000          0.01616517
 1029.7500          0.01336669
 1030.0000          0.01300285
 1030.2500          0.01405680
 1030.5000          0.01511299
 1030.7500          0.01616718
 1031.0000          0.01722035
 1031.2500          0.01827175
 1031.5000          0.01932155
 1031.7500          0.02072357
 1032.0000          0.02975519
 1032.2500          0.04274013
 1032.5000          0.05570831
 1032.7500          0.06866093
 1033.0000          0.08159810
 1033.2500          0.09451959
 1033.5000          0.10742374
 1033.7500          0.11958477
 1034.0000          0.11946374
 1034.2500          0.11356510
 1034.5000          0.10767382
 1034.7500          0.10179109
 1035.0000          0.09591522
 1035.2500          0.09004761
 1035.5000          0.08418744
 1035.7500          0.07840059
 1036.0000          0.07335045
 1036.2500          0.06844788
 1036.5000          0.06355064
 1036.7500          0.05865958
 1037.0000          0.05377466
 1037.2500          0.04889593
 1037.5000          0.04402293
 1037.7500          0.03931655
 1038.0000          0.03771981
 1038.2500          0.03744445
 1038.5000          0.03716909
 1038.7500          0.03689373
 1039.0000          0.03661937
 1039.2500          0.03634502
 1039.5000          0.03607058
 1039.7500          0.03600555
 1040.0000          0.04124431
 1040.2500          0.04853362
 1040.5000          0.05581416
 1040.7500          0.06308598
 1041.0000          0.07035003
 1041.2500          0.07760434
 1041.5000          0.08485065
 1041.7500          0.09205139
 1042.0000          0.09861148
 1042.2500          0.10489469
 1042.5000          0.11117131
 1042.7500          0.11744018
 1043.0000          0.12370231
 1043.2500          0.12995726
 1043.5000          0.13620447
 1043.7500          0.14183588
 1044.0000          0.13733386
 1044.2500          0.12957081
 1044.5000          0.12181643
 1044.7500          0.11407031
 1045.0000          0.10633303
 1045.2500          0.09860494
 1045.5000          0.09088470
 1045.7500          0.08395640
 1046.0000          0.09086223
 1046.2500          0.10163933
 1046.5000          0.11240463
 1046.7500          0.12315759
 1047.0000          0.13389753
 1047.2500          0.14462556
 1047.5000          0.15534093
 1047.7500          0.16600436
 1048.0000          0.17507521
 1048.2500          0.18388048
 1048.5000          0.19267642
 1048.7500          0.20146183
 1049.0000          0.21023633
 1049.2500          0.21900106
 1049.5000          0.22775605
 1049.7500          0.23554200
 1050.0000          0.23136132
 1050.2500          0.22342335
 1050.5000          0.21549591
 1050.7500          0.20757878
 1051.0000          0.19967197
 1051.2500          0.19177551
 1051.5000          0.18389048
 1051.7500          0.17575219
 1052.0000          0.16775716
 1052.2500          0.16114846
 1052.5000          0.15454600
 1052.7500          0.14794969
 1053.0000          0.14136035
 1053.2500          0.13477576
 1053.5000          0.12819768
 1053.7500          0.12284207
 1054.0000          0.12822483
 1054.2500          0.13463762
 1054.5000          0.14104468
 1054.7500          0.14744519
 1055.0000          0.15383851
 1055.2500          0.16022570
 1055.5000          0.16660572
 1055.7500          0.17273082
 1056.0000          0.17659950
 1056.2500          0.17990090
 1056.5000          0.18319945
 1056.7500          0.18649493
 1057.0000          0.18978758
 1057.2500          0.19307764
 1057.5000          0.19636512
 1057.7500          0.19941585
 1058.0000          0.20587517
 1058.2500          0.21472259
 1058.5000          0.22355719
 1058.7500          0.23238030
 1059.0000          0.24119037
 1059.2500          0.24998851
 1059.5000          0.25877473
 1059.7500          0.27167405
 1060.0000          0.30410329
 1060.2500          0.33879313
 1060.5000          0.37344625
 1060.7500          0.40806085
 1061.0000          0.44263817
 1061.2500          0.47717665
 1061.5000          0.51167831
 1061.7500          0.54139669
 1062.0000          0.53946557
 1062.2500          0.52909079
 1062.5000          0.51873352
 1062.7500          0.50839181
 1063.0000          0.49806694
 1063.2500          0.48775904
 1063.5000          0.47746770
 1063.7500          0.46010990
 1064.0000          0.42845515
 1064.2500          0.39737166
 1064.5000          0.36631874
 1064.7500          0.33529838
 1065.0000          0.30430842
 1065.2500          0.27334994
 1065.5000          0.24242229
 1065.7500          0.21605414
 1066.0000          0.20655036
 1066.2500          0.19964902
 1066.5000          0.19275303
 1066.7500          0.18586321
 1067.0000          0.17897853
 1067.2500          0.17209903
 1067.5000          0.16522513
 1067.7500          0.16429512
 1068.0000          0.17588979
 1068.2500          0.18871383
 1068.5000          0.20152553
 1068.7500          0.21432583
 1069.0000          0.22711415
 1069.2500          0.23989023
 1069.5000          0.25265387
 1069.7500          0.27444415
 1070.0000          0.31396769
 1070.2500          0.35586217
 1070.5000          0.39771790
 1070.7500          0.43953589
 1071.0000          0.48131461
 1071.2500          0.52305663
 1071.5000          0.56475345
 1071.7500          0.60279351
 1072.0000          0.65052637
 1072.2500          0.70241456
 1072.5000          0.75424806
 1072.7500          0.80602589
 1073.0000          0.85774848
 1073.2500          0.90941434
 1073.5000          0.96098792
 1073.7500          0.98655902
 1074.0000          0.94554718
 1074.2500          0.89052645
 1074.5000          0.83556074
 1074.7500          0.78065043
 1075.0000          0.72579467
 1075.2500          0.67099343
 1075.5000          0.61624762
 1075.7500          0.56648834
 1076.0000          0.52843768
 1076.2500          0.49317979
 1076.5000          0.45795455
 1076.7500          0.42276450
 1077.0000          0.38760844
 1077.2500          0.35248492
 1077.5000          0.31741038
 1077.7500          0.28905740
 1078.0000          0.27119197
 1078.2500          0.25499472
 1078.5000          0.23881318
 1078.7500          0.22264696
 1079.0000          0.20649664
 1079.2500          0.19036224
 1079.5000          0.17428273
 1079.7500          0.16799833
 1080.0000          0.17418237
 1080.2500          0.18251501
 1080.5000          0.19084075
 1080.7500          0.19916117
 1081.0000          0.20747543
 1081.2500          0.21578454
 1081.5000          0.22404348
 1081.7500          0.22113200
 1082.0000          0.20920652
 1082.2500          0.19600959
 1082.5000          0.18282397
 1082.7500          0.16964882
 1083.0000          0.15648410
 1083.2500          0.14333026
 1083.5000          0.13022788
 1083.7500          0.11961528
 1084.0000          0.11204738
 1084.2500          0.10501121
 1084.5000          0.09797980
 1084.7500          0.09095316
 1085.0000          0.08393170
 1085.2500          0.07691562
 1085.5000          0.06993713
 1085.7500          0.06819133
 1086.0000          0.06759401
 1086.2500          0.06688869
 1086.5000          0.06618423
 1086.7500          0.06548229
 1087.0000          0.06478193
 1087.2500          0.06408305
 1087.5000          0.06338607
 1087.7500          0.06308452
 1088.0000          0.06628151
 1088.2500          0.07051268
 1088.5000          0.07473976
 1088.7500          0.07896324
 1089.0000          0.08318250
 1089.2500          0.08739703
 1089.5000          0.09175951
 1089.7500          0.09902148
 1090.0000          0.10707573
 1090.2500          0.11516170
 1090.5000          0.12324232
 1090.7500          0.13131679
 1091.0000          0.13938504
 1091.2500          0.14744720
 1091.5000          0.15529878
 1091.7500          0.16003353
 1092.0000          0.16128921
 1092.2500          0.16177772
 1092.5000          0.16226624
 1092.7500          0.16275526
 1093.0000          0.16324457
 1093.2500          0.16373487
 1093.5000          0.16436051
 1093.7500          0.16910350
 1094.0000          0.17597419
 1094.2500          0.18335188
 1094.5000          0.19072493
 1094.7500          0.19809349
 1095.0000          0.20545779
 1095.2500          0.21281792
 1095.5000          0.22135774
 1095.7500          0.24438528
 1096.0000          0.26705538
 1096.2500          0.28939321
 1096.5000          0.31172211
 1096.7500          0.33404224
 1097.0000          0.35635258
 1097.2500          0.37865447
 1097.5000          0.39723023
 1097.7500          0.39250676
 1098.0000          0.39012110
 1098.2500          0.38885463
 1098.5000          0.38758557
 1098.7500          0.38631392
 1099.0000          0.38503940
 1099.2500          0.38376180
 1099.5000          0.38220735
 1099.7500          0.37864159
 1100.0000          0.37194525
 1100.2500          0.36443936
 1100.5000          0.35693507
 1100.7500          0.34943334
 1101.0000          0.34193319
 1101.2500          0.33443564
 1101.5000          0.32620083
 1101.7500          0.31356881
 1102.0000          0.29337464
 1102.2500          0.27168043
 1102.5000          0.25000015
 1102.7500          0.22833298
 1103.0000          0.20667940
 1103.2500          0.18503925
 1103.5000          0.16612253
 1103.7500          0.15852168
 1104.0000          0.15548621
 1104.2500          0.15343725
 1104.5000          0.15139100
 1104.7500          0.14934633
 1105.0000          0.14730425
 1105.2500          0.14526374
 1105.5000          0.14223202
 1105.7500          0.13602945
 1106.0000          0.12848651
 1106.2500          0.12062714
 1106.5000          0.11277391
 1106.7500          0.10492507
 1107.0000          0.09708142
 1107.2500          0.08924193
 1107.5000          0.08247537
 1107.7500          0.07853913
 1108.0000          0.07638536
 1108.2500          0.07456072
 1108.5000          0.07273745
 1108.7500          0.07091577
 1109.0000          0.06909571
 1109.2500          0.06727740
 1109.5000          0.06552201
 1109.7500          0.06394588
 1110.0000          0.06285406
 1110.2500          0.06186308
 1110.5000          0.06087380
 1110.7500          0.05988561
 1111.0000          0.05889771
 1111.2500          0.05791140
 1111.5000          0.05711602
 1111.7500          0.05679535
 1112.0000          0.05753872
 1112.2500          0.05853504
 1112.5000          0.05953082
 1112.7500          0.06052559
 1113.0000          0.06152037
 1113.2500          0.06251414
 1113.5000          0.06293931
 1113.7500          0.06247518
 1114.0000          0.06124417
 1114.2500          0.05988092
 1114.5000          0.05851766
 1114.7500          0.05715541
 1115.0000          0.05579415
 1115.2500          0.05443290
 1115.5000          0.05287870
 1115.7500          0.05112188
 1116.0000          0.04965181
 1116.2500          0.04823652
 1116.5000          0.04682293
 1116.7500          0.04540894
 1117.0000          0.04399564
 1117.2500          0.04258379
 1117.5000          0.04248313
 1117.7500          0.04361959
 1118.0000          0.04408638
 1118.2500          0.04440282
 1118.5000          0.04471930
 1118.7500          0.04503653
 1119.0000          0.04535476
 1119.2500          0.04568330
 1119.5000          0.04920533
 1119.7500          0.05573204
 1120.0000          0.06528046
 1120.2500          0.07531154
 1120.5000          0.08533866
 1120.7500          0.09536180
 1121.0000          0.10538232
 1121.2500          0.11538292
 1121.5000          0.11726436
 1121.7500          0.11304853
 1122.0000          0.10605554
 1122.2500          0.09856872
 1122.5000          0.09108362
 1122.7500          0.08360009
 1123.0000          0.07611886
 1123.2500          0.06864023
 1123.5000          0.06294931
 1123.7500          0.05811473
 1124.0000          0.05187965
 1124.2500          0.04535257
 1124.5000          0.03882706
 1124.7500          0.03230516
 1125.0000          0.02578482
 1125.2500          0.01928277
 1125.5000          0.01548819
 1125.7500          0.01320222
 1126.0000          0.01280712
 1126.2500          0.01269245
 1126.5000          0.01257700
 1126.7500          0.01246255
 1127.0000          0.01234810
 1127.2500          0.01223217
 1127.5000          0.01195206
 1127.7500          0.01160265
 1128.0000          0.01122938
 1128.2500          0.01085165
 1128.5000          0.01047479
 1128.7500          0.01009794
 1129.0000          0.00972209
 1129.2500          0.00934250
 1129.5000          0.00878882
 1129.7500          0.00820173
 1130.0000          0.00779312
 1130.2500          0.00741806
 1130.5000          0.00704400
 1130.7500          0.00666994
 1131.0000          0.00629588
 1131.2500          0.00592222
 1131.5000          0.00556193
 1131.7500          0.00524019
 1132.0000          0.00528348
 1132.2500          0.00537639
 1132.5000          0.00546894
 1132.7500          0.00556106
 1133.0000          0.00565318
 1133.2500          0.00574751
 1133.5000          0.00609138
 1133.7500          0.00644737
 1134.0000          0.00650133
 1134.2500          0.00650971
 1134.5000          0.00651808
 1134.7500          0.00652546
 1135.0000          0.00653383
 1135.2500          0.00658022
 1135.5000          0.00793712
 1135.7500          0.00948463
 1136.0000          0.01099962
 1136.2500          0.01250983
 1136.5000          0.01402003
 1136.7500          0.01553023
 1137.0000          0.01704043
 1137.2500          0.01843733
 1137.5000          0.01852255
 1137.7500          0.01838301
 1138.0000          0.01806068
 1138.2500          0.01771576
 1138.5000          0.01737097
 1138.7500          0.01702662
 1139.0000          0.01668226
 1139.2500          0.01633571
 1139.5000          0.01595926
 1139.7500          0.01563373
 1140.0000          0.01577792
 1140.2500          0.01598449
 1140.5000          0.01619106
 1140.7500          0.01639763
 1141.0000          0.01660320
 1141.2500          0.01682396
 1141.5000          0.01739062
 1141.7500          0.01806710
 1142.0000          0.01942623
 1142.2500          0.02090194
 1142.5000          0.02237664
 1142.7500          0.02385154
 1143.0000          0.02532445
 1143.2500          0.02685550
 1143.5000          0.02878105
 1143.7500          0.03061008
 1144.0000          0.03132014
 1144.2500          0.03190457
 1144.5000          0.03248899
 1144.7500          0.03307356
 1145.0000          0.03365878
 1145.2500          0.03391053
 1145.5000          0.03255213
 1145.7500          0.03100845
 1146.0000          0.02860556
 1146.2500          0.02610158
 1146.5000          0.02359860
 1146.7500          0.02109562
 1147.0000          0.01859365
 1147.2500          0.01624735
 1147.5000          0.01465717
 1147.7500          0.01321267
 1148.0000          0.01264643
 1148.2500          0.01222033
 1148.5000          0.01179323
 1148.7500          0.01136613
 1149.0000          0.01093903
 1149.2500          0.01068679
 1149.5000          0.01107577
 1149.7500          0.01151346
 1150.0000          0.01238384
 1150.2500          0.01329767
 1150.5000          0.01421049
 1150.7500          0.01512431
 1151.0000          0.01603713
 1151.2500          0.01680400
 1151.5000          0.01716406
 1151.7500          0.01738563
 1152.0000          0.01646922
 1152.2500          0.01543357
 1152.5000          0.01439793
 1152.7500          0.01336375
 1153.0000          0.01232963
 1153.2500          0.01127779
 1153.5000          0.01018537
 1153.7500          0.00922435
 1154.0000          0.00905338
 1154.2500          0.00899732
 1154.5000          0.00894072
 1154.7500          0.00888408
 1155.0000          0.00882806
 1155.2500          0.00901734
 1155.5000          0.00967434
 1155.7500          0.01030797
 1156.0000          0.01074624
 1156.2500          0.01116676
 1156.5000          0.01158728
 1156.7500          0.01200779
 1157.0000          0.01242931
 1157.2500          0.01340566
 1157.5000          0.01524805
 1157.7500          0.01718949
 1158.0000          0.01993626
 1158.2500          0.02275659
 1158.5000          0.02557700
 1158.7500          0.02839742
 1159.0000          0.03122176
 1159.2500          0.03700285
 1159.5000          0.04663076
 1159.7500          0.05628162
 1160.0000          0.06606505
 1160.2500          0.07586701
 1160.5000          0.08567000
 1160.7500          0.09547474
 1161.0000          0.10528347
 1161.2500          0.12720115
 1161.5000          0.16222784
 1161.7500          0.19797271
 1162.0000          0.23967569
 1162.2500          0.28185261
 1162.5000          0.32403344
 1162.7500          0.36621867
 1163.0000          0.40839747
 1163.2500          0.41641622
 1163.5000          0.39350950
 1163.7500          0.37045174
 1164.0000          0.34624530
 1164.2500          0.32194066
 1164.5000          0.29762482
 1164.7500          0.27329905
 1165.0000          0.24901699
 1165.2500          0.23500697
 1165.5000          0.22888251
 1165.7500          0.21971322
 1166.0000          0.19334313
 1166.2500          0.16489075
 1166.5000          0.13644260
 1166.7500          0.10799792
 1167.0000          0.07960955
 1167.2500          0.05899960
 1167.5000          0.04338546
 1167.7500          0.02926667
 1168.0000          0.02708639
 1168.2500          0.02572259
 1168.5000          0.02435888
 1168.7500          0.02299663
 1169.0000          0.02163253
 1169.2500          0.01952399
 1169.5000          0.01702659
 1169.7500          0.01462060
 1170.0000          0.01293871
 1170.2500          0.01130198
 1170.5000          0.00966616
 1170.7500          0.00802988
 1171.0000          0.00640617
 1171.2500          0.00617810
 1171.5000          0.00655959
 1171.7500          0.00698358
 1172.0000          0.00764417
 1172.2500          0.00833088
 1172.5000          0.00901759
 1172.7500          0.00970430
 1173.0000          0.01037755
 1173.2500          0.01010208
 1173.5000          0.00948578
 1173.7500          0.00886598
 1174.0000          0.00822517
 1174.2500          0.00758313
 1174.5000          0.00694008
 1174.7500          0.00629804
 1175.0000          0.00565782
 1175.2500          0.00520391
 1175.5000          0.00480094
 1175.7500          0.00441556
 1176.0000          0.00416257
 1176.2500          0.00391600
 1176.5000          0.00366869
 1176.7500          0.00342224
 1177.0000          0.00319502
 1177.2500          0.00344137
 1177.5000          0.00380705
 1177.7500          0.00414141
 1178.0000          0.00431044
 1178.2500          0.00446318
 1178.5000          0.00461592
 1178.7500          0.00476866
 1179.0000          0.00490512
 1179.2500          0.00427222
 1179.5000          0.00396158
 1179.7500          0.00368248
 1180.0000          0.00363878
 1180.2500          0.00360607
 1180.5000          0.00357336
 1180.7500          0.00354066
 1181.0000          0.00350804
 1181.2500          0.00347554
 1181.5000          0.00344304
 1181.7500          0.00346463
 1182.0000          0.00390404
 1182.2500          0.00435998
 1182.5000          0.00481499
 1182.7500          0.00527001
 1183.0000          0.00572502
 1183.2500          0.00618004
 1183.5000          0.00663505
 1183.7500          0.00695072
 1184.0000          0.00654486
 1184.2500          0.00607709
 1184.5000          0.00560991
 1184.7500          0.00514273
 1185.0000          0.00467597
 1185.2500          0.00420936
 1185.5000          0.00374218
 1185.7500          0.00331323
 1186.0000          0.00315185
 1186.2500          0.00300111
 1186.5000          0.00284936
 1186.7500          0.00269862
 1187.0000          0.00254788
 1187.2500          0.00239614
 1187.5000          0.00224540
 1187.7500          0.00211172
 1188.0000          0.00211215
 1188.2500          0.00211587
 1188.5000          0.00211966
 1188.7500          0.00212345
 1189.0000          0.00212724
 1189.2500          0.00213107
 1189.5000          0.00213482
 1189.7500          0.00213330
 1190.0000          0.00210352
 1190.2500          0.00207261
 1190.5000          0.00204110
 1190.7500          0.00200940
 1191.0000          0.00197769
 1191.2500          0.00194598
 1191.5000          0.00191512
 1191.7500          0.00192729
 1192.0000          0.00224454
 1192.2500          0.00256915
 1192.5000          0.00289375
 1192.7500          0.00321824
 1193.0000          0.00354306
 1193.2500          0.00386757
 1193.5000          0.00419169
 1193.7500          0.00447924
 1194.0000          0.00449429
 1194.2500          0.00450545
 1194.5000          0.00451727
 1194.7500          0.00452878
 1195.0000          0.00001543
 1195.2500          0.00000408
 1195.5000          0.00005272
 1195.7500          0.00000137
 1196.0000          0.00000001
 1196.2500          0.00000866
 1196.5000          0.00000731
 1196.7500          0.00000595
 1197.0000          0.00000460
 1197.2500          0.00008324
 1197.5000          0.00000189
 1197.7500          0.00000053
 1198.0000          0.00000018
 1198.2500          0.00000782
 1198.5000          0.00000647
 1198.7500          0.00009511
 1199.0000          0.00001376
 1199.2500          0.00003240
 1199.5000          0.00005105
 1199.7500          0.00006969
 1200.0000          0.00008834
 1200.2500          0.00000698
 1200.5000          0.00000563
 1200.7500          0.00004427
 1201.0000          0.00000000
 1201.2500          0.00000000
 1201.5000          0.00000000
 1201.7500          0.00000000
 1202.0000          0.00000000
 1202.2500          0.00000000
 1202.5000          0.00000000
 1202.7500          0.00000000
 1203.0000          0.00000000
 1203.2500          0.00000000
 1203.5000          0.00000000
 1203.7500          0.00000000
 1204.0000          0.00000000
 1204.2500          0.00000000
 1204.5000          0.00000000
 1204.7500          0.00000000
 1205.0000          0.00000000
 1205.2500          0.00000000
 1205.5000          0.00000000
 1205.7500          0.00000000
 1206.0000          0.00000000
 1206.2500          0.00027242
 1206.5000          0.00155298
 1206.7500          0.00404148
 1207.0000          0.00662484
 1207.2500          0.00920876
 1207.5000          0.01179172
 1207.7500          0.01437504
 1208.0000          0.01695858
 1208.2500          0.01930486
 1208.5000          0.02063823
 1208.7500          0.01999396
 1209.0000          0.01933952
 1209.2500          0.01868495
 1209.5000          0.01803010
 1209.7500          0.01737588
 1210.0000          0.01672094
 1210.2500          0.01755674
 1210.5000          0.01307675
 1210.7500          0.02883197
 1211.0000          0.04458813
 1211.2500          0.06034514
 1211.5000          0.07610318
 1211.7500          0.09190154
 1212.0000          0.10787070
 1212.2500          0.12276808
 1212.5000          0.13417244
 1212.7500          0.14263033
 1213.0000          0.15108858
 1213.2500          0.15954885
 1213.5000          0.16800890
 1213.7500          0.17647095
 1214.0000          0.18562364
 1214.2500          0.19823895
 1214.5000          0.21694074
 1214.7500          0.23904108
 1215.0000          0.26114395
 1215.2500          0.28324876
 1215.5000          0.30535648
 1215.7500          0.32759629
 1216.0000          0.35026350
 1216.2500          0.37248017
 1216.5000          0.39086613
 1216.7500          0.40628083
 1217.0000          0.42169742
 1217.2500          0.43711656
 1217.5000          0.45253730
 1217.7500          0.46792697
 1218.0000          0.48230809
 1218.2500          0.49233877
 1218.5000          0.49565328
 1218.7500          0.49629186
 1219.0000          0.49692195
 1219.2500          0.49755206
 1219.5000          0.49818293
 1219.7500          0.49810971
 1220.0000          0.49635446
 1220.2500          0.49389999
 1220.5000          0.49189532
 1220.7500          0.49004897
 1221.0000          0.48820378
 1221.2500          0.48635825
 1221.5000          0.48451227
 1221.7500          0.48253066
 1222.0000          0.47840755
 1222.2500          0.46819700
 1222.5000          0.45025980
 1222.7500          0.43052720
 1223.0000          0.41075602
 1223.2500          0.39098210
 1223.5000          0.37121780
 1223.7500          0.35161658
 1224.0000          0.33225042
 1224.2500          0.31228457
 1224.5000          0.28907525
 1224.7500          0.26518912
 1225.0000          0.24128425
 1225.2500          0.21737785
 1225.5000          0.19346859
 1225.7500          0.16986182
 1226.0000          0.14973792
 1226.2500          0.14367188
 1226.5000          0.15886834
 1226.7500          0.17774179
 1227.0000          0.19662910
 1227.2500          0.21551676
 1227.5000          0.23439471
 1227.7500          0.25318641
 1228.0000          0.27142077
 1228.2500          0.28302002
 1228.5000          0.28565672
 1228.7500          0.28657582
 1229.0000          0.28749423
 1229.2500          0.28841263
 1229.5000          0.28933203
 1229.7500          0.29010667
 1230.0000          0.28944043
 1230.2500          0.28310836
 1230.5000          0.27225393
 1230.7500          0.26062074
 1231.0000          0.24898754
 1231.2500          0.23735336
 1231.5000          0.22564513
 1231.7500          0.21352269
 1232.0000          0.20094605
 1232.2500          0.18899978
 1232.5000          0.17945562
 1232.7500          0.17066237
 1233.0000          0.16196404
 1233.2500          0.15326438
 1233.5000          0.14456518
 1233.7500          0.13597002
 1234.0000          0.12839658
 1234.2500          0.12191042
 1234.5000          0.11651114
 1234.7500          0.11145298
 1235.0000          0.10643007
 1235.2500          0.10140649
 1235.5000          0.09645000
 1235.7500          0.09193268
 1236.0000          0.08781806
 1236.2500          0.08432128
 1236.5000          0.08198092
 1236.7500          0.08001072
 1237.0000          0.07806324
 1237.2500          0.07611571
 1237.5000          0.07375331
 1237.7500          0.07021009
 1238.0000          0.06575206
 1238.2500          0.06118120
 1238.5000          0.05660972
 1238.7500          0.05203923
 1239.0000          0.04746830
 1239.2500          0.04289694
 1239.5000          0.03836134
 1239.7500          0.03497757
 1240.0000          0.03371010
 1240.2500          0.03275657
 1240.5000          0.03181683
 1240.7500          0.03087610
 1241.0000          0.02993536
 1241.2500          0.02899562
 1241.5000          0.02806129
 1241.7500          0.02735912
 1242.0000          0.02756752
 1242.2500          0.02825662
 1242.5000          0.02896108
 1242.7500          0.02966595
 1243.0000          0.03037020
 1243.2500          0.03107545
 1243.5000          0.03159725
 1243.7500          0.03166232
 1244.0000          0.03222609
 1244.2500          0.03328590
 1244.5000          0.03437363
 1244.7500          0.03546227
 1245.0000          0.03655042
 1245.2500          0.03763864
 1245.5000          0.03872609
 1245.7500          0.03977437
 1246.0000          0.03993002
 1246.2500          0.03875453
 1246.5000          0.03699251
 1246.7500          0.03521991
 1247.0000          0.03344731
 1247.2500          0.03168596
 1247.5000          0.03011747
 1247.7500          0.02895286
 1248.0000          0.02752809
 1248.2500          0.02546503
 1248.5000          0.02318171
 1248.7500          0.02089547
 1249.0000          0.01860903
 1249.2500          0.01632198
 1249.5000          0.01403575
 1249.7500          0.01168785
 1250.0000          0.01022300
 1250.2500          0.01027510
 1250.5000          0.01092173
 1250.7500          0.01156936
 1251.0000          0.01221699
 1251.2500          0.01287520
 1251.5000          0.01375351
 1251.7500          0.01499366
 1252.0000          0.01621989
 1252.2500          0.01736578
 1252.5000          0.01848138
 1252.7500          0.01959691
 1253.0000          0.02071259
 1253.2500          0.02182753
 1253.5000          0.02293329
 1253.7500          0.02406661
 1254.0000          0.02613208
 1254.2500          0.02932134
 1254.5000          0.03290004
 1254.7500          0.03647875
 1255.0000          0.04005726
 1255.2500          0.04363517
 1255.5000          0.04721387
 1255.7500          0.05046066
 1256.0000          0.05149565
 1256.2500          0.05012618
 1256.5000          0.04806969
 1256.7500          0.04601309
 1257.0000          0.04395601
 1257.2500          0.04189868
 1257.5000          0.03982584
 1257.7500          0.03763766
 1258.0000          0.03579662
 1258.2500          0.03445478
 1258.5000          0.03322273
 1258.7500          0.03199167
 1259.0000          0.03075962
 1259.2500          0.02953218
 1259.5000          0.02834599
 1259.7500          0.02715899
 1260.0000          0.02585070
 1260.2500          0.02441293
 1260.5000          0.02295577
 1260.7500          0.02149760
 1261.0000          0.02004024
 1261.2500          0.01857932
 1261.5000          0.01694892
 1261.7500          0.01504998
 1262.0000          0.01374266
 1262.2500          0.01322734
 1262.5000          0.01281141
 1262.7500          0.01239721
 1263.0000          0.01198206
 1263.2500          0.01156760
 1263.5000          0.01122301
 1263.7500          0.01110729
 1264.0000          0.01096167
 1264.2500          0.01049976
 1264.5000          0.01001177
 1264.7500          0.00952325
 1265.0000          0.00903474
 1265.2500          0.00854623
 1265.5000          0.00805195
 1265.7500          0.00781533
 1266.0000          0.00820399
 1266.2500          0.00922289
 1266.5000          0.01024079
 1266.7500          0.01125969
 1267.0000          0.01227859
 1267.2500          0.01353525
 1267.5000          0.01556040
 1267.7500          0.01816450
 1268.0000          0.02159040
 1268.2500          0.02586598
 1268.5000          0.03014156
 1268.7500          0.03441641
 1269.0000          0.03869121
 1269.2500          0.04301031
 1269.5000          0.04759750
 1269.7500          0.05249712
 1270.0000          0.05743697
 1270.2500          0.06237693
 1270.5000          0.06731662
 1270.7500          0.07225478
 1271.0000          0.07719296
 1271.2500          0.08213113
 1271.5000          0.08631929
 1271.7500          0.09025856
 1272.0000          0.09434432
 1272.2500          0.09843008
 1272.5000          0.10251424
 1272.7500          0.10659781
 1273.0000          0.11068017
 1273.2500          0.11476217
 1273.5000          0.11593476
 1273.7500          0.11250811
 1274.0000          0.10715816
 1274.2500          0.10180863
 1274.5000          0.09646012
 1274.7500          0.09111160
 1275.0000          0.08576460
 1275.2500          0.08032802
 1275.5000          0.07463820
 1275.7500          0.06786127
 1276.0000          0.06037347
 1276.2500          0.05288713
 1276.5000          0.04540184
 1276.7500          0.03791710
 1277.0000          0.03043307
 1277.2500          0.02306310
 1277.5000          0.01684543
 1277.7500          0.01216663
 1278.0000          0.01033043
 1278.2500          0.00957295
 1278.5000          0.00881546
 1278.7500          0.00805796
 1279.0000          0.00737558
 1279.2500          0.00710928
 1279.5000          0.00716433
 1279.7500          0.00735839
 1280.0000          0.00780109
 1280.2500          0.00829698
 1280.5000          0.00879386
 1280.7500          0.00928975
 1281.0000          0.00978564
 1281.2500          0.01029849
 1281.5000          0.01086906
 1281.7500          0.01130739
 1282.0000          0.01114677
 1282.2500          0.01090491
 1282.5000          0.01066304
 1282.7500          0.01042118
 1283.0000          0.01016139
 1283.2500          0.00976720
 1283.5000          0.00927891
 1283.7500          0.00883183
 1284.0000          0.00875081
 1284.2500          0.00870813
 1284.5000          0.00866606
 1284.7500          0.00862319
 1285.0000          0.00858032
 1285.2500          0.00848866
 1285.5000          0.00827143
 1285.7500          0.00808925
 1286.0000          0.00814262
 1286.2500          0.00821255
 1286.5000          0.00828320
 1286.7500          0.00835686
 1287.0000          0.00848587
 1287.2500          0.00875978
 1287.5000          0.00904692
 1287.7500          0.00911150
 1288.0000          0.00875094
 1288.2500          0.00837376
 1288.5000          0.00799665
 1288.7500          0.00761906
 1289.0000          0.00724220
 1289.2500          0.00687025
 1289.5000          0.00653228
 1289.7500          0.00631970
 1290.0000          0.00630898
 1290.2500          0.00630520
 1290.5000          0.00630141
 1290.7500          0.00629723
 1291.0000          0.00631680
 1291.2500          0.00639589
 1291.5000          0.00649904
 1291.7500          0.00660233
 1292.0000          0.00670562
 1292.2500          0.00680890
 1292.5000          0.00691219
 1292.7500          0.00701547
 1293.0000          0.00711876
 1293.2500          0.00719178
 1293.5000          0.00722790
 1293.7500          0.00725670
 1294.0000          0.00728540
 1294.2500          0.00731365
 1294.5000          0.00734256
 1294.7500          0.00737043
 1295.0000          0.00737900
 1295.2500          0.00736159
 1295.5000          0.00734105
 1295.7500          0.00732151
 1296.0000          0.00730196
 1296.2500          0.00728142
 1296.5000          0.00726188
 1296.7500          0.00724134
 1297.0000          0.00722403
 1297.2500          0.00725914
 1297.5000          0.00737798
 1297.7500          0.00766183
 1298.0000          0.00805186
 1298.2500          0.00844725
 1298.5000          0.00884273
 1298.7500          0.00923904
 1299.0000          0.00966249
 1299.2500          0.01011760
 1299.5000          0.01057980
 1299.7500          0.01111252
 1300.0000          0.01169317
 1300.2500          0.01227526
 1300.5000          0.01285743
 1300.7500          0.01343907
 1301.0000          0.01406663
 1301.2500          0.01503145
 1301.5000          0.01628187
 1301.7500          0.01693773
 1302.0000          0.01725012
 1302.2500          0.01755439
 1302.5000          0.01785867
 1302.7500          0.01822429
 1303.0000          0.01929744
 1303.2500          0.02113441
 1303.5000          0.02382389
 1303.7500          0.02981107
 1304.0000          0.03694714
 1304.2500          0.04411294
 1304.5000          0.05127680
 1304.7500          0.05844009
 1305.0000          0.06536849
 1305.2500          0.07133249
 1305.5000          0.07671821
 1305.7500          0.08255889
 1306.0000          0.08854642
 1306.2500          0.09453553
 1306.5000          0.10052456
 1306.7500          0.10635486
 1307.0000          0.11136478
 1307.2500          0.11574667
 1307.5000          0.11958565
 1307.7500          0.11965840
 1308.0000          0.11695048
 1308.2500          0.11350376
 1308.5000          0.11005705
 1308.7500          0.10661096
 1309.0000          0.10372955
 1309.2500          0.10224116
 1309.5000          0.10121088
 1309.7500          0.09889409
 1310.0000          0.09571629
 1310.2500          0.09236190
 1310.5000          0.08900561
 1310.7500          0.08494331
 1311.0000          0.07901059
 1311.2500          0.07233715
 1311.5000          0.06801762
 1311.7500          0.07259289
 1312.0000          0.08279204
 1312.2500          0.09390781
 1312.5000          0.10502482
 1312.7500          0.11540399
 1313.0000          0.12474310
 1313.2500          0.13453674
 1313.5000          0.14609996
 1313.7500          0.15768529
 1314.0000          0.16926702
 1314.2500          0.18084464
 1314.5000          0.19241864
 1314.7500          0.20093527
 1315.0000          0.20136714
 1315.2500          0.19012109
 1315.5000          0.17641408
 1315.7500          0.16237814
 1316.0000          0.14834411
 1316.2500          0.13431415
 1316.5000          0.12028773
 1316.7500          0.10633808
 1317.0000          0.09414702
 1317.2500          0.08547149
 1317.5000          0.07920394
 1317.7500          0.07319292
 1318.0000          0.06718280
 1318.2500          0.06117370
 1318.5000          0.05521146
 1318.7500          0.05061218
 1319.0000          0.04790218
 1319.2500          0.04649443
 1319.5000          0.04682136
 1319.7500          0.04747089
 1320.0000          0.04813347
 1320.2500          0.04879428
 1320.5000          0.04945407
 1320.7500          0.05009704
 1321.0000          0.05054214
 1321.2500          0.05184825
 1321.5000          0.05658494
 1321.7500          0.06427628
 1322.0000          0.07215358
 1322.2500          0.08002940
 1322.5000          0.08787268
 1322.7500          0.09509966
 1323.0000          0.10162619
 1323.2500          0.10661560
 1323.5000          0.10797926
 1323.7500          0.10592565
 1324.0000          0.10387276
 1324.2500          0.10181900
 1324.5000          0.09976525
 1324.7500          0.09771555
 1325.0000          0.09568111
 1325.2500          0.09400327
 1325.5000          0.09312559
 1325.7500          0.09287994
 1326.0000          0.09263428
 1326.2500          0.09238863
 1326.5000          0.09192058
 1326.7500          0.09021366
 1327.0000          0.08765829
 1327.2500          0.08503519
 1327.5000          0.08252016
 1327.7500          0.08007075
 1328.0000          0.07762260
 1328.2500          0.07517645
 1328.5000          0.07273110
 1328.7500          0.07046996
 1329.0000          0.06898944
 1329.2500          0.06757306
 1329.5000          0.06470908
 1329.7500          0.06093217
 1330.0000          0.05715526
 1330.2500          0.05337836
 1330.5000          0.04967834
 1330.7500          0.04625696
 1331.0000          0.04307612
 1331.2500          0.04058589
 1331.5000          0.03929039
 1331.7500          0.03856441
 1332.0000          0.03783781
 1332.2500          0.03711102
 1332.5000          0.03638523
 1332.7500          0.03550151
 1333.0000          0.03423652
 1333.2500          0.03272791
 1333.5000          0.03112546
 1333.7500          0.02948657
 1334.0000          0.02784696
 1334.2500          0.02620845
 1334.5000          0.02484518
 1334.7500          0.02415765
 1335.0000          0.02375293
 1335.2500          0.02348557
 1335.5000          0.02342000
 1335.7500          0.02341900
 1336.0000          0.02341700
 1336.2500          0.02341456
 1336.5000          0.02341894
 1336.7500          0.02360465
 1337.0000          0.02446507
 1337.2500          0.02620594
 1337.5000          0.02951483
 1337.7500          0.03319961
 1338.0000          0.03688340
 1338.2500          0.04056641
 1338.5000          0.04390334
 1338.7500          0.04643722
 1339.0000          0.04830853
 1339.2500          0.04890353
 1339.5000          0.04711369
 1339.7500          0.04500232
 1340.0000          0.04289094
 1340.2500          0.04077956
 1340.5000          0.03864152
 1340.7500          0.03615610
 1341.0000          0.03350994
 1341.2500          0.03240055
 1341.5000          0.03419638
 1341.7500          0.03630955
 1342.0000          0.03842435
 1342.2500          0.04058306
 1342.5000          0.04333010
 1342.7500          0.04692794
 1343.0000          0.05025956
 1343.2500          0.05169239
 1343.5000          0.05063516
 1343.7500          0.04939312
 1344.0000          0.04815172
 1344.2500          0.04691050
 1344.5000          0.04616438
 1344.7500          0.04784409
 1345.0000          0.05170117
 1345.2500          0.05592193
 1345.5000          0.06014196
 1345.7500          0.06436143
 1346.0000          0.06857989
 1346.2500          0.07277687
 1346.5000          0.07677306
 1346.7500          0.07966476
 1347.0000          0.08100643
 1347.2500          0.08182448
 1347.5000          0.08261343
 1347.7500          0.08340063
 1348.0000          0.08418883
 1348.2500          0.08497504
 1348.5000          0.08565991
 1348.7500          0.08560711
 1349.0000          0.08376809
 1349.2500          0.08040226
 1349.5000          0.07698026
 1349.7500          0.07355867
 1350.0000          0.07013808
 1350.2500          0.06692164
 1350.5000          0.06456845
 1350.7500          0.06301554
 1351.0000          0.06383320
 1351.2500          0.06796426
 1351.5000          0.07225000
 1351.7500          0.07653473
 1352.0000          0.08081890
 1352.2500          0.08510197
 1352.5000          0.08929553
 1352.7500          0.09250292
 1353.0000          0.09494793
 1353.2500          0.09585574
 1353.5000          0.09562579
 1353.7500          0.09539509
 1354.0000          0.09516503
 1354.2500          0.09506272
 1354.5000          0.09570715
 1354.7500          0.09693411
 1355.0000          0.09851347
 1355.2500          0.10346233
 1355.5000          0.11032885
 1355.7500          0.11720333
 1356.0000          0.12407682
 1356.2500          0.13095051
 1356.5000          0.13773131
 1356.7500          0.14413434
 1357.0000          0.14990013
 1357.2500          0.14933611
 1357.5000          0.14603292
 1357.7500          0.14270494
 1358.0000          0.13937508
 1358.2500          0.13592162
 1358.5000          0.13217441
 1358.7500          0.12833385
 1359.0000          0.12451030
 1359.2500          0.12721153
 1359.5000          0.13237435
 1359.7500          0.13775452
 1360.0000          0.14313538
 1360.2500          0.14851709
 1360.5000          0.15408673
 1360.7500          0.16027894
 1361.0000          0.16650988
 1361.2500          0.17155145
 1361.5000          0.17637695
 1361.7500          0.18119625
 1362.0000          0.18601522
 1362.2500          0.19120867
 1362.5000          0.19733153
 1362.7500          0.20381114
 1363.0000          0.21044803
 1363.2500          0.21843922
 1363.5000          0.22663223
 1363.7500          0.23482558
 1364.0000          0.24301734
 1364.2500          0.25120762
 1364.5000          0.25816973
 1364.7500          0.26242761
 1365.0000          0.26360737
 1365.2500          0.25574213
 1365.5000          0.24626320
 1365.7500          0.23678507
 1366.0000          0.22730355
 1366.2500          0.21767868
 1366.5000          0.20771778
 1366.7500          0.19766835
 1367.0000          0.18943433
 1367.2500          0.18872988
 1367.5000          0.19000898
 1367.7500          0.19148389
 1368.0000          0.19295977
 1368.2500          0.19443722
 1368.5000          0.19565673
 1368.7500          0.19654308
 1369.0000          0.19393348
 1369.2500          0.18135883
 1369.5000          0.16719643
 1369.7500          0.15303515
 1370.0000          0.13887615
 1370.2500          0.12477172
 1370.5000          0.11117788
 1370.7500          0.09812964
 1371.0000          0.08646666
 1371.2500          0.07722463
 1371.5000          0.06836925
 1371.7500          0.05951559
 1372.0000          0.05078415
 1372.2500          0.04283931
 1372.5000          0.03562095
 1372.7500          0.02856062
 1373.0000          0.02437368
 1373.2500          0.02447068
 1373.5000          0.02519847
 1373.7500          0.02592626
 1374.0000          0.02665305
 1374.2500          0.02738457
 1374.5000          0.02822962
 1374.7500          0.02915108
 1375.0000          0.03024915
 1375.2500          0.03158267
 1375.5000          0.03297854
 1375.7500          0.03437529
 1376.0000          0.03577861
 1376.2500          0.03723143
 1376.5000          0.03872396
 1376.7500          0.04017361
 1377.0000          0.04020170
 1377.2500          0.03880305
 1377.5000          0.03725656
 1377.7500          0.03571006
 1378.0000          0.03416357
 1378.2500          0.03267542
 1378.5000          0.03166010
 1378.7500          0.03104134
 1379.0000          0.03226779
 1379.2500          0.03506073
 1379.5000          0.03793140
 1379.7500          0.04080106
 1380.0000          0.04369159
 1380.2500          0.04714237
 1380.5000          0.05090300
 1380.7500          0.05477218
 1381.0000          0.05972094
 1381.2500          0.06560822
 1381.5000          0.07149450
 1381.7500          0.07736702
 1382.0000          0.08292189
 1382.2500          0.08715450
 1382.5000          0.09012300
 1382.7500          0.09293595
 1383.0000          0.09573996
 1383.2500          0.09854387
 1383.5000          0.10134730
 1383.7500          0.10415079
 1384.0000          0.10698475
 1384.2500          0.10990881
 1384.5000          0.11284308
 1384.7500          0.11514997
 1385.0000          0.11522590
 1385.2500          0.11429763
 1385.5000          0.11336533
 1385.7500          0.11243233
 1386.0000          0.11149897
 1386.2500          0.11052221
 1386.5000          0.10952159
 1386.7500          0.10904053
 1387.0000          0.10877434
 1387.2500          0.10850915
 1387.5000          0.10824226
 1387.7500          0.10797527
 1388.0000          0.10737871
 1388.2500          0.10597528
 1388.5000          0.10462727
 1388.7500          0.10715115
 1389.0000          0.11167743
 1389.2500          0.11661380
 1389.5000          0.12155019
 1389.7500          0.12648656
 1390.0000          0.13142355
 1390.2500          0.13569259
 1390.5000          0.13914470
 1390.7500          0.14210796
 1391.0000          0.14389717
 1391.2500          0.14514582
 1391.5000          0.14637272
 1391.7500          0.14763517
 1392.0000          0.14958123
 1392.2500          0.15240548
 1392.5000          0.15540524
 1392.7500          0.15946110
 1393.0000          0.16601228
 1393.2500          0.17334087
 1393.5000          0.18066867
 1393.7500          0.18762653
 1394.0000          0.19248626
 1394.2500          0.19291212
 1394.5000          0.19320459
 1394.7500          0.19356405
 1395.0000          0.19392336
 1395.2500          0.19428167
 1395.5000          0.19463899
 1395.7500          0.19499630
 1396.0000          0.19653961
 1396.2500          0.19912391
 1396.5000          0.20210916
 1396.7500          0.20649388
 1397.0000          0.21315433
 1397.2500          0.22012751
 1397.5000          0.22709932
 1397.7500          0.23406955
 1398.0000          0.24097810
 1398.2500          0.24729414
 1398.5000          0.25318472
 1398.7500          0.25861861
 1399.0000          0.26346149
 1399.2500          0.26823405
 1399.5000          0.27300543
 1399.7500          0.27741529
 1400.0000          0.27778994
 1400.2500          0.27579887
 1400.5000          0.27413738
 1400.7500          0.27385231
 1401.0000          0.27518437
 1401.2500          0.27663674
 1401.5000          0.27809113
 1401.7500          0.27954830
 1402.0000          0.28076415
 1402.2500          0.28099436
 1402.5000          0.27834574
 1402.7500          0.26750585
 1403.0000          0.24654050
 1403.2500          0.22552326
 1403.5000          0.20450873
 1403.7500          0.18408249
 1404.0000          0.16710598
 1404.2500          0.15134486
 1404.5000          0.13648120
 1404.7500          0.12460044
 1405.0000          0.11619141
 1405.2500          0.10778442
 1405.5000          0.09937641
 1405.7500          0.09096940
 1406.0000          0.08215646
 1406.2500          0.07238925
 1406.5000          0.06263414
 1406.7500          0.05419712
 1407.0000          0.04701080
 1407.2500          0.03982545
 1407.5000          0.03264115
 1407.7500          0.02618231
 1408.0000          0.02164078
 1408.2500          0.01769868
 1408.5000          0.01463856
 1408.7500          0.01433491
 1409.0000          0.01599688
 1409.2500          0.01765882
 1409.5000          0.01932077
 1409.7500          0.02098172
 1410.0000          0.02227621
 1410.2500          0.02277631
 1410.5000          0.02271275
 1410.7500          0.02160441
 1411.0000          0.01988654
 1411.2500          0.01816797
 1411.5000          0.01645041
 1411.7500          0.01493313
 1412.0000          0.01378323
 1412.2500          0.01274497
 1412.5000          0.01184932
 1412.7500          0.01152381
 1413.0000          0.01147957
 1413.2500          0.01143548
 1413.5000          0.01139181
 1413.7500          0.01134795
 1414.0000          0.01118068
 1414.2500          0.01088206
 1414.5000          0.01055005
 1414.7500          0.01021868
 1415.0000          0.00988825
 1415.2500          0.00955730
 1415.5000          0.00922646
 1415.7500          0.00891795
 1416.0000          0.00863241
 1416.2500          0.00834947
 1416.5000          0.00806653
 1416.7500          0.00778359
 1417.0000          0.00750065
 1417.2500          0.00721870
 1417.5000          0.00693609
 1417.7500          0.00670287
 1418.0000          0.00695452
 1418.2500          0.00770674
 1418.5000          0.00869377
 1418.7500          0.01051470
 1419.0000          0.01242445
 1419.2500          0.01433284
 1419.5000          0.01624056
 1419.7500          0.01729322
 1420.0000          0.01720020
 1420.2500          0.01611904
 1420.5000          0.01476795
 1420.7500          0.01341686
 1421.0000          0.01206577
 1421.2500          0.01071523
 1421.5000          0.00936494
 1421.7500          0.00808841
 1422.0000          0.00735297
 1422.2500          0.00729900
 1422.5000          0.00747488
 1422.7500          0.00766191
 1423.0000          0.00784794
 1423.2500          0.00803409
 1423.5000          0.00820018
 1423.7500          0.00823637
 1424.0000          0.00820118
 1424.2500          0.00815831
 1424.5000          0.00811643
 1424.7500          0.00807356
 1425.0000          0.00803127
 1425.2500          0.00798882
 1425.5000          0.00794694
 1425.7500          0.00785008
 1426.0000          0.00757718
 1426.2500          0.00720318
 1426.5000          0.00682092
 1426.7500          0.00643931
 1427.0000          0.00605787
 1427.2500          0.00567644
 1427.5000          0.00543103
 1427.7500          0.00589083
 1428.0000          0.00693050
 1428.2500          0.00804539
 1428.5000          0.00916020
 1428.7500          0.01027531
 1429.0000          0.01138991
 1429.2500          0.01250463
 1429.5000          0.01361944
 1429.7500          0.01464699
 1430.0000          0.01543393
 1430.2500          0.01603498
 1430.5000          0.01611294
 1430.7500          0.01569720
 1431.0000          0.01535607
 1431.2500          0.01507517
 1431.5000          0.01479502
 1431.7500          0.01451587
 1432.0000          0.01423572
 1432.2500          0.01395657
 1432.5000          0.01351768
 1432.7500          0.01289090
 1433.0000          0.01221753
 1433.2500          0.01154278
 1433.5000          0.01086803
 1433.7500          0.01020126
 1434.0000          0.00955276
 1434.2500          0.00890884
 1434.5000          0.00864255
 1434.7500          0.00868926
 1435.0000          0.00877859
 1435.2500          0.00886792
 1435.5000          0.00885906
 1435.7500          0.00868939
 1436.0000          0.00847499
 1436.2500          0.00826124
 1436.5000          0.00808204
 1436.7500          0.00792845
 1437.0000          0.00777870
 1437.2500          0.00762817
 1437.5000          0.00748121
 1437.7500          0.00758004
 1438.0000          0.00798083
 1438.2500          0.00846841
 1438.5000          0.00935476
 1438.7500          0.01047226
 1439.0000          0.01159620
 1439.2500          0.01270998
 1439.5000          0.01357514
 1439.7500          0.01416764
 1440.0000          0.01472036
 1440.2500          0.01512294
 1440.5000          0.01489300
 1440.7500          0.01442633
 1441.0000          0.01395808
 1441.2500          0.01349010
 1441.5000          0.01304489
 1441.7500          0.01277643
 1442.0000          0.01268493
 1442.2500          0.01260083
 1442.5000          0.01241505
 1442.7500          0.01220246
 1443.0000          0.01198892
 1443.2500          0.01178458
 1443.5000          0.01170006
 1443.7500          0.01171105
 1444.0000          0.01174120
 1444.2500          0.01187301
 1444.5000          0.01227933
 1444.7500          0.01276321
 1445.0000          0.01324619
 1445.2500          0.01372912
 1445.5000          0.01417865
 1445.7500          0.01447889
 1446.0000          0.01468356
 1446.2500          0.01534877
 1446.5000          0.01694681
 1446.7500          0.01881333
 1447.0000          0.02067984
 1447.2500          0.02258540
 1447.5000          0.02468790
 1447.7500          0.02694472
 1448.0000          0.02918299
 1448.2500          0.03076785
 1448.5000          0.03121675
 1448.7500          0.03136090
 1449.0000          0.03150466
 1449.2500          0.03164822
 1449.5000          0.03153426
 1449.7500          0.03022541
 1450.0000          0.02828726
 1450.2500          0.02660782
 1450.5000          0.02537892
 1450.7500          0.02425589
 1451.0000          0.02313370
 1451.2500          0.02233596
 1451.5000          0.02261262
 1451.7500          0.02347326
 1452.0000          0.02433002
 1452.2500          0.02472714
 1452.5000          0.02445898
 1452.7500          0.02406458
 1453.0000          0.02367019
 1453.2500          0.02327480
 1453.5000          0.02270720
 1453.7500          0.02160607
 1454.0000          0.02035173
 1454.2500          0.01954765
 1454.5000          0.01934682
 1454.7500          0.01922679
 1455.0000          0.01910675
 1455.2500          0.01935924
 1455.5000          0.02039725
 1455.7500          0.02174562
 1456.0000          0.02302827
 1456.2500          0.02384648
 1456.5000          0.02413961
 1456.7500          0.02437410
 1457.0000          0.02460758
 1457.2500          0.02481904
 1457.5000          0.02460697
 1457.7500          0.02337305
 1458.0000          0.02195672
 1458.2500          0.02136073
 1458.5000          0.02167161
 1458.7500          0.02204467
 1459.0000          0.02241871
 1459.2500          0.02286892
 1459.5000          0.02343606
 1459.7500          0.02403209
 1460.0000          0.02470374
 1460.2500          0.02571714
 1460.5000          0.02708958
 1460.7500          0.02846300
 1461.0000          0.02983542
 1461.2500          0.03120689
 1461.5000          0.03254869
 1461.7500          0.03384830
 1462.0000          0.03439292
 1462.2500          0.03267640
 1462.5000          0.02902791
 1462.7500          0.02537941
 1463.0000          0.02178050
 1463.2500          0.01876302
 1463.5000          0.01645778
 1463.7500          0.01429088
 1464.0000          0.01260662
 1464.2500          0.01289072
 1464.5000          0.01461207
 1464.7500          0.01633316
 1465.0000          0.01805379
 1465.2500          0.01981796
 1465.5000          0.02199479
 1465.7500          0.02461014
 1466.0000          0.02752161
 1466.2500          0.03240030
 1466.5000          0.03972631
 1466.7500          0.04769864
 1467.0000          0.05570305
 1467.2500          0.06391137
 1467.5000          0.07228858
 1467.7500          0.08068825
 1468.0000          0.08868279
 1468.2500          0.09425691
 1468.5000          0.09747899
 1468.7500          0.10032454
 1469.0000          0.10317008
 1469.2500          0.10611876
 1469.5000          0.11079316
 1469.7500          0.11668078
 1470.0000          0.12280106
 1470.2500          0.12961526
 1470.5000          0.13674834
 1470.7500          0.14388090
 1471.0000          0.15015294
 1471.2500          0.15251640
 1471.5000          0.15208572
 1471.7500          0.15144268
 1472.0000          0.15057167
 1472.2500          0.14859477
 1472.5000          0.14559883
 1472.7500          0.14253197
 1473.0000          0.13946449
 1473.2500          0.13618595
 1473.5000          0.13138690
 1473.7500          0.12592136
 1474.0000          0.12046705
 1474.2500          0.11508437
 1474.5000          0.10973175
 1474.7500          0.10438145
 1475.0000          0.09959369
 1475.2500          0.09701188
 1475.5000          0.09537681
 1475.7500          0.09378954
 1476.0000          0.09222472
 1476.2500          0.09077073
 1476.5000          0.08934610
 1476.7500          0.08792243
 1477.0000          0.08649902
 1477.2500          0.08484908
 1477.5000          0.08216740
 1477.7500          0.07917771
 1478.0000          0.07540019
 1478.2500          0.06848207
 1478.5000          0.06081614
 1478.7500          0.05312633
 1479.0000          0.04582839
 1479.2500          0.03958757
 1479.5000          0.03370948
 1479.7500          0.02783133
 1480.0000          0.02268104
 1480.2500          0.01992360
 1480.5000          0.01822094
 1480.7500          0.01657954
 1481.0000          0.01493814
 1481.2500          0.01351534
 1481.5000          0.01267478
 1481.7500          0.01195854
 1482.0000          0.01117159
 1482.2500          0.01019299
 1482.5000          0.00917427
 1482.7500          0.00814897
 1483.0000          0.00703864
 1483.2500          0.00574685
 1483.5000          0.00441631
 1483.7500          0.00310587
 1484.0000          0.00219838
 1484.2500          0.00208673
 1484.5000          0.00197606
 1484.7500          0.00186440
 1485.0000          0.00175374
 1485.2500          0.00184951
 1485.5000          0.00225918
 1485.7500          0.00272250
 1486.0000          0.00318644
 1486.2500          0.00365028
 1486.5000          0.00411467
 1486.7500          0.00456515
 1487.0000          0.00488295
 1487.2500          0.00503122
 1487.5000          0.00515205
 1487.7500          0.00528084
 1488.0000          0.00572779
 1488.2500          0.00669398
 1488.5000          0.00780348
 1488.7500          0.00892187
 1489.0000          0.01003918
 1489.2500          0.01087296
 1489.5000          0.01141917
 1489.7500          0.01193745
 1490.0000          0.01207752
 1490.2500          0.01187474
 1490.5000          0.01163846
 1490.7500          0.01142132
 1491.0000          0.01148785
 1491.2500          0.01183600
 1491.5000          0.01221464
 1491.7500          0.01259253
 1492.0000          0.01213424
 1492.2500          0.01112300
 1492.5000          0.01006177
 1492.7500          0.00899820
 1493.0000          0.00793280
 1493.2500          0.00654240
 1493.5000          0.00500060
 1493.7500          0.00345762
 1494.0000          0.00265225
 1494.2500          0.00226227
 1494.5000          0.00191513
 1494.7500          0.00164749
 1495.0000          0.00192237
 1495.2500          0.00286975
 1495.5000          0.00439689
 1495.7500          0.00621974
 1496.0000          0.00804239
 1496.2500          0.00986445
 1496.5000          0.01168730
 1496.7500          0.01350957
 1497.0000          0.01526026
 1497.2500          0.01625893
 1497.5000          0.01625637
 1497.7500          0.01535296
 1498.0000          0.01426553
 1498.2500          0.01317817
 1498.5000          0.01209152
 1498.7500          0.01103018
 1499.0000          0.01026328
 1499.2500          0.00966257
 1499.5000          0.00909968
 1499.7500          0.00853580
 1500.0000          0.00797192
 1500.2500          0.00740803
 1500.5000          0.00684415
 1500.7500          0.00628027
 1501.0000          0.00567231
 1501.2500          0.00501023
 1501.5000          0.00465351
 1501.7500          0.00441155
 1502.0000          0.00417148
 1502.2500          0.00393141
 1502.5000          0.00369134
 1502.7500          0.00349428
 1503.0000          0.00351264
 1503.2500          0.00378709
 1503.5000          0.00442886
 1503.7500          0.00514527
 1504.0000          0.00586169
 1504.2500          0.00657778
 1504.5000          0.00729440
 1504.7500          0.00801094
 1505.0000          0.00892792
 1505.2500          0.01032123
 1505.5000          0.01211187
 1505.7500          0.01419083
 1506.0000          0.01626963
 1506.2500          0.01834917
 1506.5000          0.02042838
 1506.7500          0.02228269
 1507.0000          0.02361578
 1507.2500          0.02440781
 1507.5000          0.02354343
 1507.7500          0.02129991
 1508.0000          0.01904796
 1508.2500          0.01679601
 1508.5000          0.01454427
 1508.7500          0.01229253
 1509.0000          0.01000871
 1509.2500          0.00802005
 1509.5000          0.00733972
 1509.7500          0.00742117
 1510.0000          0.00751455
 1510.2500          0.00760799
 1510.5000          0.00770090
 1510.7500          0.00791751
 1511.0000          0.00829340
 1511.2500          0.00869049
 1511.5000          0.00911746
 1511.7500          0.00984911
 1512.0000          0.01088859
 1512.2500          0.01196331
 1512.5000          0.01303760
 1512.7500          0.01411797
 1513.0000          0.01535885
 1513.2500          0.01675197
 1513.5000          0.01823237
 1513.7500          0.02073263
 1514.0000          0.02412927
 1514.2500          0.02761227
 1514.5000          0.03109606
 1514.7500          0.03430115
 1515.0000          0.03729306
 1515.2500          0.04026322
 1515.5000          0.04306211
 1515.7500          0.04449406
 1516.0000          0.04493385
 1516.2500          0.04531908
 1516.5000          0.04570431
 1516.7500          0.04614729
 1517.0000          0.04734956
 1517.2500          0.04902794
 1517.5000          0.05075179
 1517.7500          0.05211987
 1518.0000          0.05190935
 1518.2500          0.05054710
 1518.5000          0.04914539
 1518.7500          0.04734184
 1519.0000          0.04535250
 1519.2500          0.04336315
 1519.5000          0.04144811
 1519.7500          0.04044415
 1520.0000          0.04019221
 1520.2500          0.04004884
 1520.5000          0.03990548
 1520.7500          0.03969473
 1521.0000          0.03918210
 1521.2500          0.03852083
 1521.5000          0.03813046
 1521.7500          0.04095452
 1522.0000          0.04598330
 1522.2500          0.05137090
 1522.5000          0.05683093
 1522.7500          0.06282960
 1523.0000          0.06898285
 1523.2500          0.07514321
 1523.5000          0.08019765
 1523.7500          0.07815703
 1524.0000          0.07261456
 1524.2500          0.06698395
 1524.5000          0.06135349
 1524.7500          0.05529873
 1525.0000          0.04813216
 1525.2500          0.04050065
 1525.5000          0.03504198
 1525.7500          0.03926657
 1526.0000          0.04808470
 1526.2500          0.05707611
 1526.5000          0.06642635
 1526.7500          0.07678588
 1527.0000          0.08741465
 1527.2500          0.09809352
 1527.5000          0.10973444
 1527.7500          0.12399478
 1528.0000          0.13919731
 1528.2500          0.15439984
 1528.5000          0.16960234
 1528.7500          0.18596084
 1529.0000          0.20479305
 1529.2500          0.22429730
 1529.5000          0.24310896
 1529.7500          0.26027237
 1530.0000          0.27696639
 1530.2500          0.29366074
 1530.5000          0.31399203
 1530.7500          0.34097343
 1531.0000          0.36976129
 1531.2500          0.39867198
 1531.5000          0.42811769
 1531.7500          0.45875174
 1532.0000          0.48962862
 1532.2500          0.52050736
 1532.5000          0.55138878
 1532.7500          0.58803033
 1533.0000          0.63189345
 1533.2500          0.67739336
 1533.5000          0.72086883
 1533.7500          0.75946338
 1534.0000          0.79748946
 1534.2500          0.83551980
 1534.5000          0.86159779
 1534.7500          0.87364842
 1535.0000          0.88328027
 1535.2500          0.89285683
 1535.5000          0.90225641
 1535.7500          0.91136434
 1536.0000          0.92044596
 1536.2500          0.92952750
 1536.5000          0.93859067
 1536.7500          0.94742476
 1537.0000          0.95600746
 1537.2500          0.96410541
 1537.5000          0.96726575
 1537.7500          0.96324086
 1538.0000          0.95872998
 1538.2500          0.95421972
 1538.5000          0.93594738
 1538.7500          0.90825323
 1539.0000          0.87913228
 1539.2500          0.84950850
 1539.5000          0.81610549
 1539.7500          0.77748903
 1540.0000          0.73879551
 1540.2500          0.70009811
 1540.5000          0.66146591
 1540.7500          0.62328817
 1541.0000          0.58544697
 1541.2500          0.54764612
 1541.5000          0.50986764
 1541.7500          0.47211973
 1542.0000          0.43436929
 1542.2500          0.39796348
 1542.5000          0.37155467
 1542.7500          0.35175353
 1543.0000          0.33267123
 1543.2500          0.31490847
 1543.5000          0.30270573
 1543.7500          0.29584560
 1544.0000          0.28898471
 1544.2500          0.28212418
 1544.5000          0.27568697
 1544.7500          0.27096366
 1545.0000          0.26729126
 1545.2500          0.26384602
 1545.5000          0.26130548
 1545.7500          0.25949451
 1546.0000          0.25768311
 1546.2500          0.25642289
 1546.5000          0.25730606
 1546.7500          0.25916632
 1547.0000          0.26119729
 1547.2500          0.26452445
 1547.5000          0.27459211
 1547.7500          0.28883722
 1548.0000          0.30308424
 1548.2500          0.31733189
 1548.5000          0.33134392
 1548.7500          0.34468326
 1549.0000          0.35776270
 1549.2500          0.37034501
 1549.5000          0.37804794
 1549.7500          0.37909015
 1550.0000          0.37888135
 1550.2500          0.37651096
 1550.5000          0.36917058
 1550.7500          0.35997175
 1551.0000          0.35069659
 1551.2500          0.34150042
 1551.5000          0.33313745
 1551.7500          0.32548497
 1552.0000          0.31791011
 1552.2500          0.31033388
 1552.5000          0.30256762
 1552.7500          0.29428635
 1553.0000          0.28589945
 1553.2500          0.27745520
 1553.5000          0.26834074
 1553.7500          0.25885768
 1554.0000          0.24932750
 1554.2500          0.24122684
 1554.5000          0.23606761
 1554.7500          0.23168775
 1555.0000          0.22732820
 1555.2500          0.22290706
 1555.5000          0.21708448
 1555.7500          0.21041027
 1556.0000          0.20357766
 1556.2500          0.19674408
 1556.5000          0.18945754
 1556.7500          0.18160098
 1557.0000          0.17363647
 1557.2500          0.16576511
 1557.5000          0.15931416
 1557.7500          0.15330346
 1558.0000          0.14736251
 1558.2500          0.14100948
 1558.5000          0.13422734
 1558.7500          0.12738357
 1559.0000          0.12053947
 1559.2500          0.11430365
 1559.5000          0.11198650
 1559.7500          0.11084202
 1560.0000          0.10989112
 1560.2500          0.10886371
 1560.5000          0.10718860
 1560.7500          0.10483188
 1561.0000          0.10238731
 1561.2500          0.09877492
 1561.5000          0.09063669
 1561.7500          0.08118749
 1562.0000          0.07162528
 1562.2500          0.06397760
 1562.5000          0.05786673
 1562.7500          0.05196650
 1563.0000          0.04606627
 1563.2500          0.04075786
 1563.5000          0.03745566
 1563.7500          0.03517805
 1564.0000          0.03304664
 1564.2500          0.03093884
 1564.5000          0.02901161
 1564.7500          0.02723636
 1565.0000          0.02547393
 1565.2500          0.02348859
 1565.5000          0.02103208
 1565.7500          0.01841398
 1566.0000          0.01581677
 1566.2500          0.01343474
 1566.5000          0.01120562
 1566.7500          0.00899196
 1567.0000          0.00677829
 1567.2500          0.00523417
 1567.5000          0.00475666
 1567.7500          0.00462261
 1568.0000          0.00451474
 1568.2500          0.00438940
 1568.5000          0.00416908
 1568.7500          0.00390109
 1569.0000          0.00363132
 1569.2500          0.00336054
 1569.5000          0.00309077
 1569.7500          0.00281999
 1570.0000          0.00260338
 1570.2500          0.00255927
 1570.5000          0.00259721
 1570.7500          0.00264087
 1571.0000          0.00268454
 1571.2500          0.00289477
 1571.5000          0.00333657
 1571.7500          0.00389566
 1572.0000          0.00445575
 1572.2500          0.00503124
 1572.5000          0.00566680
 1572.7500          0.00632260
 1573.0000          0.00697781
 1573.2500          0.00753626
 1573.5000          0.00800092
 1573.7500          0.00843360
 1574.0000          0.00887654
 1574.2500          0.00934029
 1574.5000          0.00981101
 1574.7500          0.01028177
 1575.0000          0.01072930
 1575.2500          0.01069276
 1575.5000          0.01022596
 1575.7500          0.00965507
 1576.0000          0.00908384
 1576.2500          0.00848107
 1576.5000          0.00778471
 1576.7500          0.00707288
 1577.0000          0.00640068
 1577.2500          0.00627213
 1577.5000          0.00653543
 1577.7500          0.00689168
 1578.0000          0.00723713
 1578.2500          0.00756057
 1578.5000          0.00785657
 1578.7500          0.00806391
 1579.0000          0.00823618
 1579.2500          0.00840825
 1579.5000          0.00858075
 1579.7500          0.00875340
 1580.0000          0.00892517
 1580.2500          0.00908516
 1580.5000          0.00926318
 1580.7500          0.00974007
 1581.0000          0.01062438
 1581.2500          0.01157338
 1581.5000          0.01252160
 1581.7500          0.01347695
 1582.0000          0.01452615
 1582.2500          0.01570197
 1582.5000          0.01677624
 1582.7500          0.01695940
 1583.0000          0.01586170
 1583.2500          0.01462406
 1583.5000          0.01338719
 1583.7500          0.01214979
 1584.0000          0.01090644
 1584.2500          0.00947005
 1584.5000          0.00790509
 1584.7500          0.00687804
 1585.0000          0.00658043
 1585.2500          0.00634973
 1585.5000          0.00611704
 1585.7500          0.00590028
 1586.0000          0.00581634
 1586.2500          0.00586663
 1586.5000          0.00601472
 1586.7500          0.00660000
 1587.0000          0.00746144
 1587.2500          0.00835292
 1587.5000          0.00924342
 1587.7500          0.01013490
 1588.0000          0.01103180
 1588.2500          0.01203295
 1588.5000          0.01309746
 1588.7500          0.01415876
 1589.0000          0.01520099
 1589.2500          0.01623376
 1589.5000          0.01726505
 1589.7500          0.01828672
 1590.0000          0.01924932
 1590.2500          0.02017084
 1590.5000          0.02108925
 1590.7500          0.02200765
 1591.0000          0.02216292
 1591.2500          0.02090344
 1591.5000          0.01923261
 1591.7500          0.01754654
 1592.0000          0.01588949
 1592.2500          0.01451208
 1592.5000          0.01323261
 1592.7500          0.01195511
 1593.0000          0.01288182
 1593.2500          0.01675092
 1593.5000          0.02102561
 1593.7500          0.02515271
 1594.0000          0.02692737
 1594.2500          0.02586374
 1594.5000          0.02366683
 1594.7500          0.02146991
 1595.0000          0.01927400
 1595.2500          0.01707709
 1595.5000          0.01487917
 1595.7500          0.01268226
 1596.0000          0.00896388
 1596.2500          0.00030771
 1596.5000          0.00095254
 1596.7500          0.00159638
 1597.0000          0.00224122
 1597.2500          0.00288529
 1597.5000          0.00352989
 1597.7500          0.00417438
 1598.0000          0.00481316
 1598.2500          0.00537819
 1598.5000          0.00521213
 1598.7500          0.00456634
 1599.0000          0.00390624
 1599.2500          0.00324575
 1599.5000          0.00258596
 1599.7500          0.00192548
 1600.0000          0.00126537
 1600.2500          0.00060531
 1600.5000          0.00171715
 1600.7500          0.00590246
 1601.0000          0.01129099
 1601.2500          0.01671166
 1601.5000          0.02213219
 1601.7500          0.02755228
 1602.0000          0.03297339
 1602.2500          0.03839350
 1602.5000          0.04313674
 1602.7500          0.04249989
 1603.0000          0.03882806
 1603.2500          0.03515624
 1603.5000          0.03148386
 1603.7500          0.02781158
 1604.0000          0.02413976
 1604.2500          0.02046793
 1604.5000          0.01807896
 1604.7500          0.01801152
 1605.0000          0.01898247
 1605.2500          0.01995382
 1605.5000          0.02092436
 1605.7500          0.02189512
 1606.0000          0.02286624
 1606.2500          0.02379968
 1606.5000          0.02407252
 1606.7500          0.02329543
 1607.0000          0.02214334
 1607.2500          0.02099081
 1607.5000          0.01983892
 1607.7500          0.01868703
 1608.0000          0.01753514
 1608.2500          0.01638284
 1608.5000          0.01510727
 1608.7500          0.01335629
 1609.0000          0.01140604
 1609.2500          0.00944744
 1609.5000          0.00748980
 1609.7500          0.00553151
 1610.0000          0.00357367
 1610.2500          0.00176839
 1610.5000          0.00164301
 1610.7500          0.00462830
 1611.0000          0.00856811
 1611.2500          0.01250792
 1611.5000          0.01644774
 1611.7500          0.02038755
 1612.0000          0.02432736
 1612.2500          0.02802791
 1612.5000          0.03024837
 1612.7500          0.03043415
 1613.0000          0.03013646
 1613.2500          0.02983777
 1613.5000          0.02953908
 1613.7500          0.02924039
 1614.0000          0.02894170
 1614.2500          0.02879678
 1614.5000          0.02937175
 1614.7500          0.03087217
 1615.0000          0.03253311
 1615.2500          0.03419506
 1615.5000          0.03585600
 1615.7500          0.03751794
 1616.0000          0.03917889
 1616.2500          0.04083984
 1616.5000          0.04129236
 1616.7500          0.03895953
 1617.0000          0.03636543
 1617.2500          0.03377042
 1617.5000          0.03117611
 1617.7500          0.02858181
 1618.0000          0.02598750
 1618.2500          0.02375652
 1618.5000          0.02318369
 1618.7500          0.02528804
 1619.0000          0.02744750
 1619.2500          0.02960713
 1619.5000          0.03176654
 1619.7500          0.03392637
 1620.0000          0.03608520
 1620.2500          0.03761023
 1620.5000          0.03656832
 1620.7500          0.03261604
 1621.0000          0.02857495
 1621.2500          0.02453285
 1621.5000          0.02049075
 1621.7500          0.01644866
 1622.0000          0.01244791
 1622.2500          0.01164601
 1622.5000          0.02314846
 1622.7500          0.04445158
 1623.0000          0.06600657
 1623.2500          0.08756253
 1623.5000          0.10911754
 1623.7500          0.13067350
 1624.0000          0.15222849
 1624.2500          0.17303948
 1624.5000          0.18006227
 1624.7500          0.17150714
 1625.0000          0.16252570
 1625.2500          0.15354402
 1625.5000          0.14456218
 1625.7500          0.13558090
 1626.0000          0.12659412
 1626.2500          0.11730206
 1626.5000          0.10703094
 1626.7500          0.09598676
 1627.0000          0.08494356
 1627.2500          0.07389936
 1627.5000          0.06285564
 1627.7500          0.05181200
 1628.0000          0.04085120
 1628.2500          0.03247692
 1628.5000          0.03034897
 1628.7500          0.03205049
 1629.0000          0.03375202
 1629.2500          0.03545405
 1629.5000          0.03715508
 1629.7500          0.03885676
 1630.0000          0.04054226
 1630.2500          0.04205752
 1630.5000          0.04317413
 1630.7500          0.04410187
 1631.0000          0.04502965
 1631.2500          0.04595743
 1631.5000          0.04688521
 1631.7500          0.04780404
 1632.0000          0.04827179
 1632.2500          0.04768322
 1632.5000          0.04656662
 1632.7500          0.04544902
 1633.0000          0.04433242
 1633.2500          0.04321582
 1633.5000          0.04209922
 1633.7500          0.04098262
 1634.0000          0.03986601
 1634.2500          0.03942045
 1634.5000          0.04484418
 1634.7500          0.05500150
 1635.0000          0.06577849
 1635.2500          0.07655642
 1635.5000          0.08733347
 1635.7500          0.09811047
 1636.0000          0.10888801
 1636.2500          0.12047905
 1636.5000          0.13777585
 1636.7500          0.15713199
 1637.0000          0.17658481
 1637.2500          0.19603841
 1637.5000          0.21549140
 1637.7500          0.23494437
 1638.0000          0.25439837
 1638.2500          0.26977727
 1638.5000          0.25850156
 1638.7500          0.23821074
 1639.0000          0.21716657
 1639.2500          0.19612320
 1639.5000          0.17507984
 1639.7500          0.15403616
 1640.0000          0.13323103
 1640.2500          0.11467124
 1640.5000          0.10725269
 1640.7500          0.10015290
 1641.0000          0.09305382
 1641.2500          0.08595422
 1641.5000          0.07885451
 1641.7500          0.07175472
 1642.0000          0.06476747
 1642.2500          0.05823812
 1642.5000          0.05259728
 1642.7500          0.04695663
 1643.0000          0.04131600
 1643.2500          0.03567537
 1643.5000          0.03003393
 1643.7500          0.02439312
 1644.0000          0.01928986
 1644.2500          0.01663763
 1644.5000          0.01759096
 1644.7500          0.01854402
 1645.0000          0.01949771
 1645.2500          0.02045141
 1645.5000          0.02140458
 1645.7500          0.02235748
 1646.0000          0.02330916
 1646.2500          0.02390936
 1646.5000          0.02380191
 1646.7500          0.02368467
 1647.0000          0.02356742
 1647.2500          0.02345118
 1647.5000          0.02333394
 1647.7500          0.02322905
 1648.0000          0.02337051
 1648.2500          0.02504966
 1648.5000          0.02825475
 1648.7500          0.03150782
 1649.0000          0.03476153
 1649.2500          0.03801442
 1649.5000          0.04126812
 1649.7500          0.04450255
 1650.0000          0.04733309
 1650.2500          0.04827887
 1650.5000          0.04785701
 1650.7500          0.04737751
 1651.0000          0.04689737
 1651.2500          0.04641724
 1651.5000          0.04593710
 1651.7500          0.04542988
 1652.0000          0.04448552
 1652.2500          0.04137765
 1652.5000          0.03695732
 1652.7500          0.03248123
 1653.0000          0.02800517
 1653.2500          0.02352861
 1653.5000          0.01905203
 1653.7500          0.01457611
 1654.0000          0.01009933
 1654.2500          0.01142853
 1654.5000          0.01645143
 1654.7500          0.02189486
 1655.0000          0.02733729
 1655.2500          0.03277972
 1655.5000          0.03822296
 1655.7500          0.04360969
 1656.0000          0.04802686
 1656.2500          0.04615466
 1656.5000          0.04187076
 1656.7500          0.03747907
 1657.0000          0.03308705
 1657.2500          0.02869501
 1657.5000          0.02430346
 1657.7500          0.01992505
 1658.0000          0.01591544
 1658.2500          0.01342231
 1658.5000          0.01142307
 1658.7500          0.00943141
 1659.0000          0.00744006
 1659.2500          0.00544867
 1659.5000          0.00345738
 1659.7500          0.00148246
 1660.0000          0.00038293
 1660.2500          0.00035676
 1660.5000          0.00063871
 1660.7500          0.00092164
 1661.0000          0.00120358
 1661.2500          0.00148591
 1661.5000          0.00176847
 1661.7500          0.00205041
 1662.0000          0.00207103
 1662.2500          0.00187328
 1662.5000          0.00161926
 1662.7500          0.00136509
 1663.0000          0.00111020
 1663.2500          0.00085618
 1663.5000          0.00060115
 1663.7500          0.00034712
 1664.0000          0.00011630
 1664.2500          0.00001788
 1664.5000          0.00000000
 1664.7500          0.00000000
 1665.0000          0.00000000
 1665.2500          0.00000000
 1665.5000          0.00000000
 1665.7500          0.00000000
 1666.0000          0.00000000
 1666.2500          0.00000000
 1666.5000          0.00000000
 1666.7500          0.00000000
 1667.0000          0.00000000
 1667.2500          0.00000000
 1667.5000          0.00000000
 1667.7500          0.00000000
 1668.0000          0.00000000
 1668.2500          0.00000000
 1668.5000          0.00000000
 1668.7500          0.00000000
 1669.0000          0.00000000
 1669.2500          0.00000000
 1669.5000          0.00000000
 1669.7500          0.00000000
 1670.0000          0.00000000
 1670.2500          0.00000000
 1670.5000          0.00000000
 1670.7500          0.00000000
 1671.0000          0.00000000
 1671.2500          0.00000000
 1671.5000          0.00000000
 1671.7500          0.00000000
 1672.0000          0.00000000
 1672.2500          0.00000000
 1672.5000          0.00000000
 1672.7500          0.00000000
 1673.0000          0.00000000
 1673.2500          0.00000000
 1673.5000          0.00000000
 1673.7500          0.00000000
 1674.0000          0.00000000
 1674.2500          0.00000000
 1674.5000          0.00000000
 1674.7500          0.00000000
 1675.0000          0.00000000
 1675.2500          0.00000000
 1675.5000          0.00000000
 1675.7500          0.00000000
 1676.0000          0.00000000
 1676.2500          0.00000000
 1676.5000          0.00000000
 1676.7500          0.00000000
 1677.0000          0.00000000
 1677.2500          0.00000000
 1677.5000          0.00000000
 1677.7500          0.00000000
 1678.0000          0.00000000
 1678.2500          0.00000000
 1678.5000          0.00000000
 1678.7500          0.00000000
 1679.0000          0.00000000
 1679.2500          0.00000000
 1679.5000          0.00000000
 1679.7500          0.00000000
 1680.0000          0.00000000
 1680.2500          0.00000000
 1680.5000          0.00000000
 1680.7500          0.00000000
 1681.0000          0.00000000
 1681.2500          0.00000000
 1681.5000          0.00000000
 1681.7500          0.00000000
 1682.0000          0.00000000
 1682.2500          0.00000000
 1682.5000          0.00000000
 1682.7500          0.00000000
 1683.0000          0.00000000
 1683.2500          0.00000000
 1683.5000          0.00000000
 1683.7500          0.00000000
 1684.0000          0.00000000
 1684.2500          0.00000000
 1684.5000          0.00000000
 1684.7500          0.00000000
 1685.0000          0.00000000
 1685.2500          0.00000000
 1685.5000          0.00000000
 1685.7500          0.00000000
 1686.0000          0.00000000
 1686.2500          0.00000000
 1686.5000          0.00000000
 1686.7500          0.00000000
 1687.0000          0.00000000
 1687.2500          0.00000000
 1687.5000          0.00000000
 1687.7500          0.00000000
 1688.0000          0.00000000
 1688.2500          0.00000000
 1688.5000          0.00000000
 1688.7500          0.00000000
 1689.0000          0.00000000
 1689.2500          0.00000000
 1689.5000          0.00000000
 1689.7500          0.00000000
 1690.0000          0.00000000
 1690.2500          0.00000000
 1690.5000          0.00000000
 1690.7500          0.00000000
 1691.0000          0.00000000
 1691.2500          0.00000000
 1691.5000          0.00000000
 1691.7500          0.00000000
 1692.0000          0.00000000
 1692.2500          0.00000000
 1692.5000          0.00000000
 1692.7500          0.00000000
 1693.0000          0.00000000
 1693.2500          0.00000000
 1693.5000          0.00000000
 1693.7500          0.00000000
 1694.0000          0.00000000
 1694.2500          0.00000000
 1694.5000          0.00000000
 1694.7500          0.00000000
